9.518982546998500766e+03

9.518982546998500766e+03

9.518982546998500766e+03

9.518982546998500766e+03

9.751727950783999404e+03
9.751736140263001289e+03
9.751744336069998099e+03
9.751752526314001443e+03
9.751760720189999120e+03
9.751768835456998204e+03
9.751777030304001528e+03
9.751785240236000391e+03
9.751793434799001261e+03
9.751801631963000546e+03
9.751809835991000000e+03
9.751818028708999918e+03
9.751826225005999731e+03
9.751834420718001638e+03
9.751842559665998124e+03
9.751850700664999749e+03
9.751858909523998591e+03
9.751867078823001066e+03
9.751875359690999176e+03
9.751883609551001427e+03
9.751891809796001326e+03
9.751899951144998340e+03
9.751908149564998894e+03
9.751916346816000441e+03
9.751924546195001312e+03
9.751932745514000999e+03
9.751940934940001171e+03
9.751949141018001683e+03
9.751957328894000966e+03
9.751965515028998198e+03
9.751973650610001641e+03
9.751981846907001454e+03
9.751989983479001239e+03
9.751998125182999502e+03
9.752006258581001021e+03
9.752014477908000117e+03
9.752022678744000586e+03
9.752030871350998495e+03
9.752039062473999365e+03
9.752047254952998628e+03
9.752055454011999245e+03
9.752063645140999142e+03
9.752071837275998405e+03
9.752080033886999445e+03
9.752088233873000718e+03
9.752096424938001292e+03
9.752104621967999265e+03
9.752112820324000495e+03
9.752121017492998362e+03
9.752129212452000502e+03
9.752137407266000082e+03
9.752145605876001355e+03
9.752153804469999159e+03
9.752162003973000537e+03
9.752170202454999526e+03
9.752178345043001173e+03
9.752186540933998913e+03
9.752194737935999001e+03
9.752202931306001119e+03
9.752211156623001443e+03
9.752219363177999185e+03
9.752227562997999485e+03
9.752235762367999996e+03
9.752243962184998963e+03
9.752252159848001611e+03
9.752260291072998371e+03
9.752268477803998394e+03
9.752276675283999793e+03
9.752284869606999564e+03
9.752293025004000810e+03
9.752301181273000111e+03
9.752309379698999692e+03
9.752317585538999992e+03
9.752325772393000079e+03
9.752333905800998764e+03
9.752342097559998365e+03
9.752350290867998410e+03
9.752358494219999557e+03
9.752366687931000342e+03
9.752374884496999584e+03
9.752383080096999038e+03
9.752391266088998236e+03
9.752399476552000124e+03
9.752407616069998767e+03
9.752415803379000863e+03
9.752423994117998518e+03
9.752432143852998706e+03
9.752440341413999704e+03
9.752448541835998185e+03
9.752456732888000261e+03
9.752464926871998614e+03
9.752473127910998301e+03
9.752481344340001669e+03
9.752489538672998606e+03
9.752497736504999921e+03
9.752505931978001172e+03
9.752514098373998422e+03
9.752522290175998933e+03
9.752530486534000374e+03
9.752538676955999108e+03
9.752546870180998667e+03
9.752555079729998397e+03
9.752563272545001382e+03
9.752571435327998188e+03
9.752579590001001634e+03
9.752587717413000064e+03
9.752595833113999106e+03
9.752604008350001095e+03
9.752612201337000442e+03
9.752620398441998987e+03
9.752628584705998946e+03
9.752636783811998612e+03
9.752644979254000646e+03
9.752653172819998872e+03
9.752661371553000208e+03
9.752669517236998217e+03
9.752677686857998197e+03
9.752685830818001705e+03
9.752693961910001235e+03
9.752702092310999433e+03
9.752710230657001375e+03
9.752718416108000383e+03
9.752726602465998440e+03
9.752734750339001039e+03
9.752742941607000830e+03

9.787888020652000705e+03
9.787896172621000005e+03
9.787904388794999250e+03
9.787912592822998704e+03
9.787920774720001646e+03
9.787928980616001354e+03
9.787937180176999391e+03
9.787945323700998415e+03
9.787953514444001485e+03
9.787961703075998230e+03
9.787969899441999587e+03
9.787978102427998238e+03
9.787986312475000886e+03
9.787994509055999515e+03
9.788002672149999853e+03
9.788010870392001380e+03
9.788019039064998651e+03
9.788027195809001569e+03
9.788035392087000218e+03
9.788043551675000344e+03
9.788051762376999250e+03
9.788059922895001364e+03
9.788068122412998491e+03
9.788076339614999597e+03
9.788084537160000764e+03
9.788092737028000556e+03
9.788100937806000729e+03
9.788109140561999084e+03
9.788117333342001075e+03
9.788125526038998942e+03
9.788133716584001377e+03
9.788141915312000492e+03
9.788150107861998549e+03
9.788158303953998256e+03
9.788166498668000713e+03
9.788174633856000582e+03
9.788182776626999839e+03
9.788190966204001597e+03
9.788199179988998367e+03
9.788207379430998117e+03
9.788215575565998734e+03
9.788223774892998335e+03
9.788231967439998698e+03
9.788240110880000429e+03
9.788248246021001250e+03
9.788256375240998750e+03
9.788264505959999951e+03
9.788272640185001364e+03
9.788280823712000711e+03
9.788289030672000081e+03
9.788297234633999324e+03
9.788305487552999693e+03
9.788313715247000800e+03
9.788321895950000908e+03
9.788330087259000720e+03
9.788338280859999941e+03
9.788346484852998401e+03
9.788354693535999104e+03
9.788362890149001032e+03
9.788371039181998640e+03
9.788379192516000330e+03
9.788387391960000969e+03
9.788395530031000817e+03
9.788403669768998952e+03
9.788411840011998720e+03
9.788420037967000098e+03
9.788428230094999890e+03
9.788436374105000141e+03
9.788444515163999313e+03
9.788452689036999800e+03
9.788460887674998958e+03
9.788469084757998644e+03
9.788477276162000635e+03
9.788485472114000004e+03
9.788493620572000509e+03
9.788501810133999243e+03
9.788510005093998188e+03
9.788518208171000879e+03
9.788526408918998641e+03
9.788534617550001713e+03
9.788542761827000504e+03
9.788550892122999358e+03
9.788559081060000608e+03
9.788567232178000268e+03
9.788575431533001392e+03
9.788583627313000761e+03
9.788591765591001604e+03
9.788599947786999110e+03
9.788608105611001520e+03
9.788616250635001052e+03
9.788624377838001237e+03
9.788632487175000279e+03
9.788640605243999744e+03
9.788648782111999026e+03
9.788656988511000236e+03
9.788665189645998908e+03
9.788673385140999017e+03
9.788681577237999591e+03
9.788689830480998353e+03
9.788698020015999646e+03
9.788706210616001044e+03
9.788714461037001456e+03
9.788722660709998308e+03
9.788730815496001014e+03
9.788738958835998346e+03
9.788747209130000556e+03
9.788755407906999608e+03
9.788763557853999373e+03
9.788771749567000370e+03
9.788779958856001031e+03
9.788788156662001711e+03
9.788796322592999786e+03
9.788804494002000865e+03
9.788812631657998281e+03
9.788820762111001386e+03
9.788828905502999987e+03
9.788837080942001194e+03
9.788845220888000767e+03
9.788853409506999014e+03
9.788861600887001259e+03
9.788869799320000311e+03
9.788877995623999595e+03
9.788886186392999662e+03
9.788894324681998114e+03
9.788902475530001539e+03

9.826040650206999999e+03
9.826048826735001057e+03
9.826057021895001526e+03
9.826065220821001276e+03
9.826073413603000517e+03
9.826081605817998934e+03
9.826089798003999022e+03
9.826097993925999617e+03
9.826106187973000488e+03
9.826114342271001078e+03
9.826122532271001546e+03
9.826130733001999033e+03
9.826138933150999947e+03
9.826147153055000672e+03
9.826155351641999005e+03
9.826163552690999495e+03
9.826171703926000191e+03
9.826179906158999074e+03
9.826188103443000728e+03
9.826196303001001070e+03
9.826204488904000755e+03
9.826212635472998954e+03
9.826220789537001110e+03
9.826228990551000607e+03
9.826237192689000949e+03
9.826245392453998647e+03
9.826253584897000110e+03
9.826261726409000403e+03
9.826269917910998629e+03
9.826278056360999472e+03
9.826286203884999850e+03
9.826294362356999045e+03
9.826302529363001668e+03
9.826310735390998161e+03
9.826318934042999899e+03
9.826327166137998574e+03
9.826335368493000715e+03
9.826343582456000149e+03
9.826351801239001361e+03
9.826359972707999987e+03
9.826368179011999018e+03
9.826376349717000267e+03
9.826384516256999632e+03
9.826392716660000588e+03
9.826400916792001226e+03
9.826409060136000335e+03
9.826417209816998366e+03
9.826425354546001472e+03
9.826433499719998508e+03
9.826441626167001232e+03
9.826449766839999938e+03
9.826457899769000505e+03
9.826466017555001599e+03
9.826474139600999479e+03
9.826482254196998838e+03
9.826490361011001369e+03
9.826498472665000008e+03
9.826506588267999177e+03
9.826514708375001646e+03
9.826522816868000518e+03
9.826530925408998883e+03
9.826539036135000060e+03
9.826547149512000033e+03
9.826555268731000979e+03
9.826563389653998456e+03
9.826571499727000628e+03
9.826579672099000163e+03
9.826587869186001626e+03
9.826596070360999875e+03
9.826604274986999371e+03
9.826612464931000432e+03
9.826620632671998465e+03
9.826628777353998885e+03
9.826636909685999854e+03
9.826645031544998346e+03
9.826653166119998787e+03
9.826661278478000895e+03
9.826669457052001235e+03
9.826677666049999971e+03
9.826685811844999989e+03
9.826694010465998872e+03
9.826702206522000779e+03
9.826710405059999175e+03
9.826718545245999849e+03
9.826726679972998681e+03
9.826734870535998198e+03
9.826743007361001219e+03
9.826751125287999457e+03
9.826759305428000516e+03
9.826767537488998641e+03
9.826775736635001522e+03
9.826783876992998557e+03
9.826792077818998223e+03
9.826800231425000675e+03
9.826808423913000297e+03
9.826816579923000972e+03
9.826824755419998837e+03
9.826832916683000803e+03
9.826841109958000743e+03
9.826849264524000318e+03
9.826857428975999937e+03
9.826865625422000448e+03
9.826873812754998653e+03
9.826881951913001103e+03
9.826890140385999985e+03
9.826898338169998169e+03
9.826906530917000055e+03
9.826914733686000545e+03
9.826922940104999725e+03
9.826931162472999858e+03
9.826939349547999882e+03
9.826947551572000521e+03
9.826955696706001618e+03
9.826963896696001029e+03
9.826972098556001583e+03
9.826980295790999662e+03
9.826988447440999153e+03
9.826996596542001498e+03
9.827004794350999873e+03
9.827012993868000194e+03
9.827021187751000980e+03
9.827029401593001239e+03
9.827037605806999636e+03
9.827045815567998943e+03
9.827054032194999309e+03

9.864183601614000509e+03
9.864191793892001442e+03
9.864199946387001546e+03
9.864208147220000683e+03
9.864216338613001426e+03
9.864224529819999589e+03
9.864232723443001305e+03
9.864240918256000441e+03
9.864249107036001078e+03
9.864257294996001292e+03
9.864265483071001654e+03
9.864273670801998378e+03
9.864281856812998740e+03
9.864290045434998319e+03
9.864298235703998216e+03
9.864306378321998636e+03
9.864314568884998152e+03
9.864322720914999081e+03
9.864330857706998358e+03
9.864339045681001153e+03
9.864347238632999506e+03
9.864355430184001307e+03
9.864363627163998899e+03
9.864371817862000171e+03
9.864379988889999368e+03
9.864388192820999393e+03
9.864396394194998720e+03
9.864404586333999760e+03
9.864412777903999086e+03
9.864420968386999448e+03
9.864429161856998689e+03
9.864437357943999814e+03
9.864445550232998357e+03
9.864453739769000094e+03
9.864461935194998659e+03
9.864470127248998324e+03
9.864478316420998453e+03
9.864486505078999471e+03
9.864494692783999199e+03
9.864502882361000957e+03
9.864511077246999776e+03
9.864519222638999054e+03
9.864527410203001637e+03
9.864535604651999165e+03
9.864543794566998258e+03
9.864551987451999594e+03
9.864560184679998201e+03
9.864568393794001167e+03
9.864576590510001552e+03
9.864584740951999265e+03
9.864592929850998189e+03
9.864601119726001343e+03
9.864609305859001324e+03
9.864617494097998133e+03
9.864625682866000716e+03
9.864633870685000147e+03
9.864642061131999071e+03
9.864650250924998545e+03
9.864658438970000134e+03
9.864666601169999922e+03
9.864674791977999121e+03
9.864682938778998505e+03
9.864691160843998659e+03
9.864699354134998430e+03
9.864707548139998835e+03
9.864715688789998239e+03
9.864723883155998919e+03
9.864732077667998965e+03
9.864740284923998843e+03
9.864748453207001148e+03
9.864756652740001300e+03
9.864764805440998316e+03
9.864772957425000641e+03
9.864781095489001018e+03
9.864789186139998492e+03
9.864797302658000262e+03
9.864805424966998544e+03
9.864813539530001435e+03
9.864821651684000244e+03
9.864829794999001024e+03
9.864837988715000392e+03
9.864846180043998174e+03
9.864854370255998219e+03
9.864862560838999343e+03
9.864870752438000636e+03
9.864878962277998653e+03
9.864887193904000014e+03
9.864895387341999594e+03
9.864903537935999339e+03
9.864911716146001709e+03
9.864919903715999681e+03
9.864928057719000208e+03
9.864936248684000020e+03
9.864944454641998163e+03
9.864952643199998420e+03
9.864960837605998677e+03
9.864969027903000097e+03
9.864977177122000285e+03
9.864985369275000266e+03
9.864993551167000987e+03
9.865001747412999975e+03
9.865009936252998159e+03
9.865018116895000276e+03
9.865026311143999919e+03
9.865034502794998843e+03
9.865042692605999036e+03
9.865050881382998341e+03
9.865059071208001114e+03
9.865067267056001583e+03
9.865075443863999681e+03
9.865083644874001038e+03
9.865091836624000280e+03
9.865100031054000283e+03
9.865108224982999673e+03
9.865116423481998936e+03
9.865124618060999637e+03
9.865132808370999555e+03
9.865141000953000912e+03
9.865149197909999202e+03
9.865157392886998423e+03
9.865165582434001408e+03
9.865173753162998764e+03
9.865181948305998958e+03
9.865190141324001161e+03
9.865198336485998880e+03

9.902372714044999157e+03
9.902380915403999097e+03
9.902389109030998952e+03
9.902397310866999760e+03
9.902405504438000207e+03
9.902413703941001586e+03
9.902421855756998411e+03
9.902430056462999346e+03
9.902438261480001529e+03
9.902446453445998486e+03
9.902454608216001361e+03
9.902462805234001280e+03
9.902471028977000969e+03
9.902479230560998985e+03
9.902487430825000047e+03
9.902495626304000325e+03
9.902503830935998849e+03
9.902511981634001131e+03
9.902520169699000689e+03
9.902528368114999466e+03
9.902536561706001521e+03
9.902544694964999508e+03
9.902552818545998889e+03
9.902561079684001015e+03
9.902569285303998186e+03
9.902577478580999014e+03
9.902585673511999630e+03
9.902593806715998653e+03
9.902602014735999546e+03
9.902610214895001263e+03
9.902618420997998328e+03
9.902626628922000236e+03
9.902634831572999246e+03
9.902643045446999167e+03
9.902651217866001389e+03
9.902659434642999258e+03
9.902667629783998564e+03
9.902675828630999604e+03
9.902683975578998798e+03
9.902692179076999309e+03
9.902700379761001386e+03
9.902708577233999677e+03
9.902716774345000886e+03
9.902724909382999613e+03
9.902733098002998304e+03
9.902741300833000423e+03
9.902749454756998603e+03
9.902757604079000885e+03
9.902765742789000797e+03
9.902773878749001597e+03
9.902782019127000240e+03
9.902790155116999813e+03
9.902798296978999133e+03
9.902806498366000596e+03
9.902814695591998316e+03
9.902822898885999166e+03
9.902831100120998599e+03
9.902839298748000147e+03
9.902847502690001420e+03
9.902855700612999499e+03
9.902863903704001132e+03
9.902872099198000797e+03
9.902880309461001161e+03
9.902888513966001483e+03
9.902896692516998883e+03
9.902904894032999437e+03
9.902913098936998722e+03
9.902921305375999509e+03
9.902929498574998433e+03
9.902937700370999664e+03
9.902945902121999097e+03
9.902954100756000116e+03
9.902962247098999796e+03
9.902970447858999250e+03
9.902978644868999254e+03
9.902986842476999300e+03
9.902995016386001225e+03
9.903003213209998648e+03
9.903011401479001506e+03
9.903019602042000770e+03
9.903027761613000621e+03
9.903035960780998721e+03
9.903044156505999126e+03
9.903052359787998284e+03
9.903060560029000044e+03
9.903068753577001189e+03
9.903076950613998633e+03
9.903085097847000725e+03
9.903093295052000030e+03
9.903101492025998596e+03
9.903109683359998598e+03
9.903117834341999696e+03
9.903126032038999256e+03
9.903134229162998963e+03
9.903142427507998946e+03
9.903150624121000874e+03
9.903158834988000308e+03
9.903167045135000080e+03
9.903175244277001184e+03
9.903183392904000357e+03
9.903191587353001523e+03
9.903199784396001633e+03
9.903207983442000113e+03
9.903216130671000428e+03
9.903224331471999903e+03
9.903232528648000880e+03
9.903240729753000778e+03
9.903248877302998153e+03
9.903257076327001414e+03
9.903265265382000507e+03
9.903273463178000384e+03
9.903281664653000917e+03
9.903289865572998679e+03
9.903298067695999634e+03
9.903306212499999674e+03
9.903314361780998297e+03
9.903322553933001473e+03
9.903330744802999106e+03
9.903338937579999765e+03
9.903347163305999857e+03
9.903355318049998459e+03
9.903363508487000217e+03
9.903371696769001574e+03
9.903379892118999123e+03
9.903388082510999084e+03

9.938547753896000359e+03
9.938555885025998577e+03
9.938564118853999389e+03
9.938572370603000309e+03
9.938580634629000997e+03
9.938588825546998123e+03
9.938596931243999279e+03
9.938605041642000288e+03
9.938613150591998419e+03
9.938621263125998667e+03
9.938629377314999147e+03
9.938637484292998124e+03
9.938645590351999999e+03
9.938653721013000904e+03
9.938661838187999820e+03
9.938669944068999030e+03
9.938678060576999997e+03
9.938686141084999690e+03
9.938694287079000787e+03
9.938702408246001141e+03
9.938710544671001117e+03
9.938718654234999121e+03
9.938726783966998482e+03
9.938734963039998547e+03
9.938743142046998400e+03
9.938751284359001147e+03
9.938759479658001510e+03
9.938767570583000634e+03
9.938775726785999723e+03
9.938783819897998910e+03
9.938791917006001313e+03
9.938800040905000060e+03
9.938808179635001579e+03
9.938816299968999374e+03
9.938824422526999115e+03
9.938832592956001463e+03
9.938840686288000143e+03
9.938848780108000938e+03
9.938856871631000104e+03
9.938864959390000877e+03
9.938873045540000021e+03
9.938881137319000118e+03
9.938889231198001653e+03
9.938897357363999618e+03
9.938905451107999397e+03
9.938913543325001228e+03
9.938921670825999172e+03
9.938929802828999527e+03
9.938937929119998444e+03
9.938946022094998625e+03
9.938954130050999083e+03
9.938962263651999820e+03
9.938970352197000466e+03
9.938978474269999424e+03
9.938986561631001678e+03
9.938994645095001033e+03
9.939002732126999035e+03
9.939010825050998392e+03
9.939018958019998536e+03
9.939027076375998149e+03
9.939035192212999391e+03
9.939043372607000492e+03
9.939051555177000409e+03
9.939059740161999798e+03
9.939067903107999882e+03
9.939076000403998478e+03
9.939084083570000075e+03
9.939092161248998309e+03
9.939100237031001598e+03
9.939108307922000677e+03
9.939116377694001130e+03
9.939124454177999723e+03
9.939132540724000137e+03
9.939140648749998945e+03
9.939148755321999488e+03
9.939156857486999797e+03
9.939164956958000403e+03
9.939173108596998645e+03
9.939181280968001374e+03
9.939189448278000782e+03
9.939197616268000274e+03
9.939205795385998499e+03
9.939213963951999176e+03
9.939222132414000953e+03
9.939230302141000720e+03
9.939238478441999177e+03
9.939246611725000548e+03
9.939254789613998582e+03
9.939262936597999214e+03
9.939271128215001227e+03
9.939279304914998647e+03
9.939287480735998543e+03
9.939295608504999109e+03
9.939303756001998408e+03
9.939311947304999194e+03
9.939320101466000779e+03
9.939328328008999961e+03
9.939336543155000982e+03
9.939344698115000938e+03
9.939352903638999123e+03
9.939361057698999502e+03
9.939369276551999064e+03
9.939377481209998223e+03
9.939385672270000214e+03
9.939393846848000976e+03
9.939402054533999035e+03
9.939410236010000517e+03
9.939418401129998529e+03
9.939426542572000471e+03
9.939434682649000024e+03
9.939442825353999069e+03
9.939451013571000658e+03
9.939459204976999899e+03
9.939467354114000045e+03
9.939475496089999069e+03
9.939483631203998812e+03
9.939491752753998298e+03
9.939499866060999921e+03
9.939507975169999554e+03
9.939516110246000608e+03
9.939524292226000398e+03
9.939532503400001588e+03
9.939540699283999857e+03
9.939548937260999082e+03
9.939557071318999078e+03

9.976701835274998302e+03
9.976710027214998263e+03
9.976718226453998795e+03
9.976726416811998206e+03
9.976734609431001445e+03
9.976742809816998488e+03
9.976750961718000326e+03
9.976759175480001431e+03
9.976767361333000736e+03
9.976775507220998406e+03
9.976783705202000419e+03
9.976791864232000080e+03
9.976800073583999620e+03
9.976808263418999559e+03
9.976816455199001211e+03
9.976824646414999734e+03
9.976832842840998637e+03
9.976841042599000502e+03
9.976849239844999829e+03
9.976857429394000064e+03
9.976865625122998608e+03
9.976873820505999902e+03
9.976882016088999080e+03
9.976890214995000861e+03
9.976898405251999066e+03
9.976906593709998560e+03
9.976914752852000674e+03
9.976922904110000673e+03
9.976931051650000882e+03
9.976939242779000779e+03
9.976947436854999978e+03
9.976955631313998310e+03
9.976963825068000006e+03
9.976972012972000812e+03
9.976980198904999270e+03
9.976988358934999269e+03
9.976996513091999077e+03
9.977004699053999502e+03
9.977012902400001622e+03
9.977021047655998700e+03
9.977029236244001368e+03
9.977037426448998303e+03
9.977045572499999253e+03
9.977053714412999398e+03
9.977061912321998534e+03
9.977070104675000039e+03
9.977078295889998117e+03
9.977086491687998205e+03
9.977094680997000978e+03
9.977102843414999370e+03
9.977111045366000326e+03
9.977119234592999419e+03
9.977127423682999506e+03
9.977135611768000672e+03
9.977143801834998158e+03
9.977151999729001545e+03
9.977160185667999031e+03
9.977168371848001698e+03
9.977176557664999564e+03
9.977184749856998678e+03
9.977192953869998746e+03
9.977201110504000098e+03
9.977209293699001137e+03
9.977217480480001541e+03
9.977225615866998851e+03
9.977233820541001478e+03
9.977242016749998584e+03
9.977250152057000378e+03
9.977258343729998160e+03
9.977266530085998966e+03
9.977274636245998408e+03
9.977282825461999892e+03
9.977291015232000063e+03
9.977299207053998543e+03
9.977307397391999984e+03
9.977315587948000029e+03
9.977323780565999186e+03
9.977331987360001222e+03
9.977340179377999448e+03
9.977348368293998647e+03
9.977356563290999475e+03
9.977364766097998654e+03
9.977372913989998779e+03
9.977381108353998570e+03
9.977389295321998361e+03
9.977397494117998576e+03
9.977405686542999319e+03
9.977413884058001713e+03
9.977422077702998649e+03
9.977430270663000556e+03
9.977438462389000051e+03
9.977446618122001382e+03
9.977454816568999377e+03
9.977462963753998338e+03
9.977471183893998386e+03
9.977479382233999786e+03
9.977487574752998626e+03
9.977495777367999835e+03
9.977503969926998252e+03
9.977512109224000596e+03
9.977520297078001022e+03
9.977528491521999968e+03
9.977536631227001635e+03
9.977544820843999332e+03
9.977553016028999991e+03
9.977561206120000861e+03
9.977569393275000039e+03
9.977577581244000612e+03
9.977585770728001080e+03
9.977593932420000783e+03
9.977602121658001124e+03
9.977610316883998166e+03
9.977618511788998148e+03
9.977626698354000837e+03
9.977634834587999649e+03
9.977643031225998129e+03
9.977651228188999085e+03
9.977659415524998622e+03
9.977667608261999703e+03
9.977675812657998904e+03
9.977684006012001191e+03
9.977692199508001067e+03
9.977700391066999146e+03
9.977708589227000630e+03
9.977716727955001261e+03

9.721577707624001050e+03
9.721585836374000792e+03
9.721593966196000110e+03
9.721602099045998330e+03
9.721610236510998220e+03
9.721618366876999062e+03
9.721626490910999564e+03
9.721634635837999667e+03
9.721642846312999609e+03
9.721651067530001455e+03
9.721659285010999156e+03
9.721667449258999113e+03
9.721675655038001423e+03
9.721683850313998846e+03
9.721692007328998443e+03
9.721700143418998778e+03
9.721708311686001252e+03
9.721716524909999862e+03
9.721724733407998428e+03
9.721732931735001330e+03
9.721741127771001629e+03
9.721749323003998143e+03
9.721757532381998317e+03
9.721765795144998265e+03
9.721773967581000761e+03
9.721782160557999305e+03
9.721790318502000446e+03
9.721798431950999657e+03
9.721806548593998741e+03
9.721814679372000683e+03
9.721822798413999408e+03
9.721830914905000100e+03
9.721839057121000224e+03
9.721847206836999248e+03
9.721855371145000390e+03
9.721863512748001085e+03
9.721871644778999325e+03
9.721879776316000061e+03
9.721887933661000716e+03
9.721896129132001079e+03
9.721904323595001188e+03
9.721912519787001656e+03
9.721920714216001215e+03
9.721928913149000437e+03
9.721937058583000180e+03
9.721945192696999584e+03
9.721953321697001229e+03
9.721961454576998221e+03
9.721969578549000289e+03
9.721977703936998296e+03
9.721985826588999771e+03
9.721993945334001182e+03
9.722002073676998407e+03
9.722010193922000326e+03
9.722018324305998249e+03
9.722026448567998159e+03
9.722034568629998830e+03
9.722042702414000814e+03
9.722050833839999541e+03
9.722059034909998445e+03
9.722067229617001431e+03
9.722075373444000434e+03
9.722083525858000939e+03
9.722091716775001260e+03
9.722099936610000441e+03
9.722108124441001564e+03
9.722116279776000738e+03
9.722124438841001393e+03
9.722132652984000742e+03
9.722140867529000388e+03
9.722149062803000561e+03
9.722157253715999104e+03
9.722165451101998769e+03
9.722173656248000043e+03
9.722181862279001507e+03
9.722190013021998311e+03
9.722198205024000345e+03
9.722206403718999354e+03
9.722214594386001409e+03
9.722222784208999656e+03
9.722231000986001163e+03
9.722239192301000003e+03
9.722247394198999245e+03
9.722255591197001195e+03
9.722263802307999867e+03
9.722272006314000464e+03
9.722280222149998735e+03
9.722288387378001062e+03
9.722296582578001107e+03
9.722304746133999288e+03
9.722312943026001449e+03
9.722321132895998744e+03
9.722329332204000821e+03
9.722337555775000510e+03
9.722345768764000240e+03
9.722353959191001195e+03
9.722362158110001474e+03
9.722370346243998938e+03
9.722378537737000443e+03
9.722386691313000483e+03
9.722394887043999915e+03
9.722403087956001400e+03
9.722411253473001125e+03
9.722419449437998992e+03
9.722427607099998568e+03
9.722435779354000260e+03
9.722443959244999860e+03
9.722452108363999287e+03
9.722460238597999705e+03
9.722468356129000313e+03
9.722476549522998539e+03
9.722484745400000975e+03
9.722492938593000872e+03
9.722501133957001002e+03
9.722509325301998615e+03
9.722517519461998745e+03
9.722525713841001561e+03
9.722533909360001417e+03
9.722542105037999136e+03
9.722550252007000381e+03
9.722558377442001074e+03
9.722566486744999565e+03
9.722574655168999016e+03
9.722582848527999886e+03
9.722591028167000331e+03

1.001485384618099852e+04
1.001486204627099869e+04
1.001487023954799952e+04
1.001487844691699866e+04
1.001488666930299951e+04
1.001489483953699892e+04
1.001490302571400025e+04
1.001491118222799923e+04
1.001491934032599966e+04
1.001492754370799958e+04
1.001493569425199894e+04
1.001494390326500070e+04
1.001495211950000157e+04
1.001496026941899981e+04
1.001496849160499914e+04
1.001497666866199870e+04
1.001498486203100038e+04
1.001499305335999816e+04
1.001500126914200155e+04
1.001500939159100017e+04
1.001501751484100168e+04
1.001502560925899888e+04
1.001503370609999911e+04
1.001504182117700111e+04
1.001504991977600002e+04
1.001505801483499818e+04
1.001506617822100088e+04
1.001507431470200027e+04
1.001508241206800085e+04
1.001509062592500050e+04
1.001509894576100123e+04
1.001510725932200148e+04
1.001511547216599865e+04
1.001512371846400129e+04
1.001513184190399988e+04
1.001513995964100104e+04
1.001514803887200105e+04
1.001515614642899891e+04
1.001516428855100094e+04
1.001517243588700148e+04
1.001518051207000099e+04
1.001518861375100096e+04
1.001519672913899922e+04
1.001520482781999817e+04
1.001521292562600138e+04
1.001522105999899941e+04
1.001522915597300016e+04
1.001523725628399916e+04
1.001524538434699934e+04
1.001525350097200135e+04
1.001526161857999978e+04
1.001526976765300060e+04
1.001527786286899936e+04
1.001528599207300067e+04
1.001529411288999836e+04
1.001530224112499855e+04
1.001531033580599978e+04
1.001531845847300065e+04
1.001532657433699933e+04
1.001533468868400087e+04
1.001534279997300109e+04
1.001535092010199878e+04
1.001535905134199857e+04
1.001536716659900048e+04
1.001537528332600050e+04
1.001538346475299841e+04
1.001539164573599919e+04
1.001539981679400080e+04
1.001540790768399893e+04
1.001541603800500161e+04
1.001542417616899911e+04
1.001543230002799828e+04
1.001544040443400081e+04
1.001544859895400077e+04
1.001545678431100168e+04
1.001546501798999816e+04
1.001547323799099831e+04
1.001548145541999838e+04
1.001548963939399982e+04
1.001549778039499870e+04
1.001550588288200015e+04
1.001551397963099953e+04
1.001552205895700172e+04
1.001553016559399839e+04
1.001553827759799969e+04
1.001554639194899937e+04
1.001555451029300093e+04
1.001556264586399993e+04
1.001557079949699983e+04
1.001557900637200146e+04
1.001558720173999973e+04
1.001559539153999867e+04
1.001560358146799990e+04
1.001561177279700132e+04
1.001561996380100027e+04
1.001562816056600059e+04
1.001563635123499989e+04
1.001564454236299935e+04
1.001565273946500020e+04
1.001566093188800005e+04
1.001566909758399925e+04
1.001567728746500143e+04
1.001568547739099813e+04
1.001569366499700118e+04
1.001570185667199985e+04
1.001571005167100157e+04
1.001571824333599943e+04
1.001572643109199998e+04
1.001573461918600151e+04
1.001574280930600071e+04
1.001575101845400059e+04
1.001575920541799860e+04
1.001576736600200093e+04
1.001577556422799898e+04
1.001578371622700070e+04
1.001579191210800127e+04
1.001580006848899939e+04
1.001580821058899892e+04
1.001581636106199949e+04
1.001582449837799868e+04
1.001583264377700107e+04
1.001584083854499841e+04
1.001584903433499858e+04
1.001585722799300129e+04
1.001586542073799865e+04

1.005304946327799917e+04
1.005305767235199892e+04
1.005306586800999867e+04
1.005307406784799969e+04
1.005308226502500111e+04
1.005309046265999859e+04
1.005309865840899874e+04
1.005310685267599911e+04
1.005311502686400127e+04
1.005312322990499888e+04
1.005313140842899884e+04
1.005313960174399836e+04
1.005314780157700079e+04
1.005315599706899957e+04
1.005316419371300071e+04
1.005317236043199955e+04
1.005318053023800167e+04
1.005318867800400039e+04
1.005319686871199883e+04
1.005320506134600146e+04
1.005321327296999880e+04
1.005322142144700047e+04
1.005322962408899912e+04
1.005323782132500128e+04
1.005324601642500056e+04
1.005325420029900124e+04
1.005326238685299904e+04
1.005327058176100036e+04
1.005327876914599983e+04
1.005328699323500041e+04
1.005329514660900168e+04
1.005330333866900037e+04
1.005331148810000013e+04
1.005331968155199866e+04
1.005332784025300134e+04
1.005333604732299864e+04
1.005334424175000095e+04
1.005335242901599850e+04
1.005336058717400010e+04
1.005336878432099911e+04
1.005337695963499937e+04
1.005338509387299928e+04
1.005339326574900042e+04
1.005340142703300080e+04
1.005340956483799891e+04
1.005341768094000145e+04
1.005342579205600123e+04
1.005343397599799937e+04
1.005344213347400000e+04
1.005345033898000111e+04
1.005345853687699855e+04
1.005346668264500113e+04
1.005347488219300067e+04
1.005348305081700164e+04
1.005349119690199950e+04
1.005349932853200153e+04
1.005350748457699956e+04
1.005351563315300154e+04
1.005352377464399979e+04
1.005353191672400135e+04
1.005354004578400054e+04
1.005354818017100115e+04
1.005355630488499810e+04
1.005356442550900101e+04
1.005357255044599879e+04
1.005358066830600001e+04
1.005358879814499960e+04
1.005359691924900108e+04
1.005360511100499934e+04
1.005361331915299888e+04
1.005362147471500066e+04
1.005362968061900028e+04
1.005363788342399857e+04
1.005364607739799976e+04
1.005365427836199888e+04
1.005366245562299810e+04
1.005367059508999955e+04
1.005367878105500131e+04
1.005368700323599842e+04
1.005369520150600147e+04
1.005370335719500144e+04
1.005371156065499963e+04
1.005371975516399834e+04
1.005372795694000160e+04
1.005373615436700129e+04
1.005374434878499960e+04
1.005375253937700109e+04
1.005376068517499880e+04
1.005376883174999966e+04
1.005377702124699863e+04
1.005378521103800085e+04
1.005379341010300050e+04
1.005380160746999900e+04
1.005380979788200057e+04
1.005381799402799879e+04
1.005382617923599901e+04
1.005383436702399922e+04
1.005384256805000041e+04
1.005385076432200003e+04
1.005385896235199834e+04
1.005386718424200080e+04
1.005387565866200021e+04
1.005388384934599890e+04
1.005389199052999902e+04
1.005390011603699895e+04
1.005390823709499819e+04
1.005391635047499949e+04
1.005392447051099953e+04
1.005393263849099822e+04
1.005394078713199997e+04
1.005394895844499842e+04
1.005395714834899991e+04
1.005396534736199828e+04
1.005397348604099898e+04
1.005398167199599993e+04
1.005398983715199938e+04
1.005399803351200171e+04
1.005400623405200167e+04
1.005401443370500056e+04
1.005402262546099882e+04
1.005403083029499976e+04
1.005403903220999928e+04
1.005404717064199940e+04
1.005405532589499853e+04
1.005406346516800113e+04

1.008921121814100115e+04
1.008921941276600046e+04
1.008922760262099837e+04
1.008923575059900031e+04
1.008924394155199843e+04
1.008925213687200085e+04
1.008926032345500062e+04
1.008926851557299960e+04
1.008927671097799976e+04
1.008928492377599832e+04
1.008929311851199964e+04
1.008930131858199820e+04
1.008930952201100081e+04
1.008931771416500123e+04
1.008932590499900107e+04
1.008933409818500149e+04
1.008934229254700040e+04
1.008935048645899951e+04
1.008935868126900095e+04
1.008936687257399899e+04
1.008937507350099986e+04
1.008938326292599959e+04
1.008939145461899898e+04
1.008939964504599993e+04
1.008940783548100080e+04
1.008941603744800159e+04
1.008942424427199876e+04
1.008943244302200037e+04
1.008944063609300065e+04
1.008944882923499972e+04
1.008945702018800148e+04
1.008946521722900070e+04
1.008947341041099935e+04
1.008948160271400047e+04
1.008948979439699906e+04
1.008949799287600035e+04
1.008950618586799828e+04
1.008951437893700131e+04
1.008952257267399909e+04
1.008953076581200003e+04
1.008953896705499938e+04
1.008954718717699870e+04
1.008955539308600055e+04
1.008956358432200068e+04
1.008957177625400072e+04
1.008957997632399929e+04
1.008958816959400065e+04
1.008959636950999993e+04
1.008960456269499991e+04
1.008961276163000002e+04
1.008962095451799905e+04
1.008962914466399889e+04
1.008963733729000160e+04
1.008964552752199961e+04
1.008965372549799940e+04
1.008966192348700133e+04
1.008967011471200021e+04
1.008967830723999941e+04
1.008968650511699889e+04
1.008969469720699999e+04
1.008970289413199862e+04
1.008971108727899991e+04
1.008971927920799862e+04
1.008972747976900064e+04
1.008973567282300064e+04
1.008974386578399935e+04
1.008975205713700052e+04
1.008976024683599826e+04
1.008976843807700061e+04
1.008977664000300138e+04
1.008978483273000165e+04
1.008979302566900151e+04
1.008980122444800145e+04
1.008980941736599925e+04
1.008981761785900017e+04
1.008982581071299865e+04
1.008983400336900013e+04
1.008984215918799964e+04
1.008985035878700000e+04
1.008985851103299865e+04
1.008986670312199931e+04
1.008987490548599817e+04
1.008988311515999885e+04
1.008989127175600152e+04
1.008989942876300120e+04
1.008990755106299912e+04
1.008991566743200019e+04
1.008992385396399914e+04
1.008993199332099903e+04
1.008994018253499962e+04
1.008994833417499831e+04
1.008995652203500140e+04
1.008996466304600108e+04
1.008997286480899857e+04
1.008998102256700076e+04
1.008998917113100106e+04
1.008999736363500051e+04
1.009000559891100056e+04
1.009001379474499845e+04
1.009002193971100132e+04
1.009003012773400042e+04
1.009003832513299858e+04
1.009004647297300107e+04
1.009005466643799809e+04
1.009006286507899858e+04
1.009007106959199882e+04
1.009007926379399942e+04
1.009008745079900109e+04
1.009009564650299944e+04
1.009010383715499847e+04
1.009011203300600027e+04
1.009012022345399964e+04
1.009012841008100077e+04
1.009013660346499819e+04
1.009014478927700111e+04
1.009015297970200118e+04
1.009016116674899968e+04
1.009016936018900014e+04
1.009017755869499888e+04
1.009018575472099837e+04
1.009019395230800001e+04
1.009020215385999836e+04
1.009021034825099923e+04
1.009021849934299826e+04
1.009022669365199908e+04

1.012738615591200141e+04
1.012739423958699990e+04
1.012740232952600127e+04
1.012741048628099816e+04
1.012741864571599945e+04
1.012742682362499909e+04
1.012743495049999910e+04
1.012744315026999902e+04
1.012745133334200000e+04
1.012745951005100142e+04
1.012746768196099947e+04
1.012747585517900006e+04
1.012748398156799885e+04
1.012749216025100031e+04
1.012750033311299921e+04
1.012750850363499922e+04
1.012751667583699964e+04
1.012752484957799970e+04
1.012753300944199873e+04
1.012754120222599886e+04
1.012754937004900057e+04
1.012755755924600089e+04
1.012756574917300168e+04
1.012757394934799959e+04
1.012758214414699978e+04
1.012759033660299974e+04
1.012759853003800163e+04
1.012760672601799888e+04
1.012761491772999943e+04
1.012762311547799982e+04
1.012763131215699832e+04
1.012763950569499866e+04
1.012764766026800135e+04
1.012765585653100061e+04
1.012766404444000000e+04
1.012767223819599894e+04
1.012768040394199852e+04
1.012768859354199958e+04
1.012769677203500032e+04
1.012770498802899965e+04
1.012771321373799947e+04
1.012772136832500109e+04
1.012772951391300012e+04
1.012773763563800094e+04
1.012774575674700100e+04
1.012775388528899930e+04
1.012776201934300116e+04
1.012777014832900022e+04
1.012777827442900161e+04
1.012778641113299818e+04
1.012779453747300067e+04
1.012780265487499855e+04
1.012781082819199946e+04
1.012781900109400158e+04
1.012782719293699847e+04
1.012783533272700151e+04
1.012784346695400018e+04
1.012785165688299821e+04
1.012785985388400150e+04
1.012786805072700008e+04
1.012787621447399943e+04
1.012788441200899979e+04
1.012789260563299831e+04
1.012790078477199859e+04
1.012790896644299937e+04
1.012791710367099950e+04
1.012792523726199943e+04
1.012793337483099822e+04
1.012794150310999976e+04
1.012794968817699919e+04
1.012795783920599933e+04
1.012796602700400035e+04
1.012797416568300105e+04
1.012798235197900067e+04
1.012799054634200002e+04
1.012799874655099848e+04
1.012800694163599837e+04
1.012801523536099921e+04
1.012802337941400037e+04
1.012803156520699849e+04
1.012803971438699955e+04
1.012804791004200160e+04
1.012805610927800080e+04
1.012806426659700082e+04
1.012807248039199840e+04
1.012808064583099986e+04
1.012808884056600073e+04
1.012809700621899901e+04
1.012810521287400115e+04
1.012811337172400090e+04
1.012812154088600073e+04
1.012812971915399976e+04
1.012813789520000137e+04
1.012814606609800103e+04
1.012815422890999980e+04
1.012816243784100152e+04
1.012817063003200019e+04
1.012817879243700008e+04
1.012818700829400041e+04
1.012819519714299895e+04
1.012820335683400117e+04
1.012821153433599829e+04
1.012821974874100124e+04
1.012822790924199944e+04
1.012823611445899951e+04
1.012824430657099947e+04
1.012825249762100066e+04
1.012826068781899812e+04
1.012826888193700142e+04
1.012827707070299948e+04
1.012828523399199912e+04
1.012829344104800111e+04
1.012830160070100101e+04
1.012830977801599875e+04
1.012831795166500160e+04
1.012832617335200121e+04
1.012833437429200058e+04
1.012834256592499878e+04
1.012835076146600113e+04
1.012835895142799927e+04
1.012836713382300150e+04
1.012837532410000131e+04
1.012838351469799818e+04
1.012839171083499969e+04
1.012839993961200162e+04

1.016550472417199853e+04
1.016551280156600114e+04
1.016552087833900077e+04
1.016552895074299886e+04
1.016553707121299885e+04
1.016554515701299897e+04
1.016555329171899939e+04
1.016556139394799902e+04
1.016556959130500036e+04
1.016557775325599869e+04
1.016558595509999941e+04
1.016559417426000073e+04
1.016560233251099999e+04
1.016561047816200153e+04
1.016561862250199920e+04
1.016562681249399975e+04
1.016563506923300156e+04
1.016564322684500075e+04
1.016565139122600158e+04
1.016565954788599993e+04
1.016566768935499931e+04
1.016567584392700155e+04
1.016568405727199934e+04
1.016569220312399921e+04
1.016570041112200124e+04
1.016570857531599904e+04
1.016571674291100135e+04
1.016572491157699915e+04
1.016573314178600049e+04
1.016574130145000163e+04
1.016574945907499932e+04
1.016575762863300042e+04
1.016576578465399871e+04
1.016577399114500076e+04
1.016578218619999825e+04
1.016579039227699832e+04
1.016579853616200126e+04
1.016580672731799859e+04
1.016581492010199872e+04
1.016582313837499896e+04
1.016583134328600136e+04
1.016583948605000114e+04
1.016584768588700172e+04
1.016585588522300168e+04
1.016586408434699842e+04
1.016587228418800078e+04
1.016588048406600137e+04
1.016588868439100042e+04
1.016589688468299937e+04
1.016590507088400045e+04
1.016591326536799897e+04
1.016592142868199880e+04
1.016592962201100090e+04
1.016593782474399995e+04
1.016594602816699989e+04
1.016595429137400060e+04
1.016596253193300072e+04
1.016597072330700030e+04
1.016597890330800146e+04
1.016598704625900064e+04
1.016599515666300067e+04
1.016600328082999840e+04
1.016601137052099875e+04
1.016601949038699968e+04
1.016602761727200050e+04
1.016603575170100157e+04
1.016604386829999930e+04
1.016605198972500148e+04
1.016606011755600048e+04
1.016606830484699822e+04
1.016607644007599811e+04
1.016608457142200132e+04
1.016609269437499825e+04
1.016610081885800173e+04
1.016610893182799919e+04
1.016611704235800062e+04
1.016612514693100093e+04
1.016613325796299978e+04
1.016614135479499964e+04
1.016614946414099904e+04
1.016615758252700107e+04
1.016616567701800159e+04
1.016617382141800044e+04
1.016618198555900017e+04
1.016619018357299865e+04
1.016619838277699819e+04
1.016620655681000062e+04
1.016621477304500149e+04
1.016622299609900074e+04
1.016623120797899901e+04
1.016623941303500033e+04
1.016624761665799815e+04
1.016625582488800137e+04
1.016626401844700013e+04
1.016627222352000172e+04
1.016628043080299904e+04
1.016628862894399936e+04
1.016629681169700052e+04
1.016630500969200148e+04
1.016631321634200140e+04
1.016632141181699990e+04
1.016632961751100083e+04
1.016633781389800060e+04
1.016634596444699855e+04
1.016635416046799946e+04
1.016636235105699961e+04
1.016637054862500008e+04
1.016637874312499844e+04
1.016638687999600006e+04
1.016639508250799918e+04
1.016640323087599972e+04
1.016641142008300085e+04
1.016641962109900123e+04
1.016642781020899929e+04
1.016643600972100103e+04
1.016644416682899828e+04
1.016645236739699976e+04
1.016646057239999936e+04
1.016646876963300019e+04
1.016647695996599941e+04
1.016648515610300092e+04
1.016649335751200124e+04
1.016650155369899949e+04
1.016650975326700063e+04
1.016651795041000150e+04

1.020364690318800058e+04
1.020365509837499849e+04
1.020366328920299929e+04
1.020367143800900158e+04
1.020367963182300082e+04
1.020368781967500036e+04
1.020369600729800004e+04
1.020370419691300049e+04
1.020371238619699943e+04
1.020372058249600013e+04
1.020372876927999823e+04
1.020373696125499919e+04
1.020374515043299834e+04
1.020375335862200154e+04
1.020376154832300017e+04
1.020376973687500140e+04
1.020377792683000007e+04
1.020378611467299925e+04
1.020379430427999978e+04
1.020380249729899879e+04
1.020381068667900036e+04
1.020381885064900052e+04
1.020382703990400114e+04
1.020383517670700166e+04
1.020384336226500091e+04
1.020385151350999877e+04
1.020385971815900120e+04
1.020386793687300087e+04
1.020387615863899919e+04
1.020388438318699991e+04
1.020389263693600151e+04
1.020390079031799905e+04
1.020390897261200007e+04
1.020391712203700081e+04
1.020392525180200028e+04
1.020393336577399896e+04
1.020394153637199997e+04
1.020394970416499928e+04
1.020395789993699873e+04
1.020396607160599888e+04
1.020397429751099844e+04
1.020398256589499942e+04
1.020399084474900155e+04
1.020399905432000014e+04
1.020400724464199811e+04
1.020401545228399846e+04
1.020402366718299891e+04
1.020403185820499857e+04
1.020404003354299857e+04
1.020404824812000152e+04
1.020405641849899985e+04
1.020406460551599957e+04
1.020407282390199907e+04
1.020408101531400098e+04
1.020408918656099922e+04
1.020409735492999971e+04
1.020410552215400094e+04
1.020411365618000127e+04
1.020412178910700095e+04
1.020412989940500120e+04
1.020413807950299815e+04
1.020414630830800161e+04
1.020415452994999941e+04
1.020416276904099868e+04
1.020417108403399834e+04
1.020417933039399941e+04
1.020418749649600068e+04
1.020419569743700049e+04
1.020420389531899855e+04
1.020421205113199903e+04
1.020422027076800077e+04
1.020422850806299903e+04
1.020423681408300035e+04
1.020424507966099918e+04
1.020425328217900096e+04
1.020426145669900143e+04
1.020426961249799933e+04
1.020427780082699974e+04
1.020428602470099941e+04
1.020429420246299924e+04
1.020430240619699907e+04
1.020431064593200063e+04
1.020431893047400081e+04
1.020432722648200070e+04
1.020433539021300021e+04
1.020434357251899928e+04
1.020435172565099856e+04
1.020435988558299869e+04
1.020436805678399833e+04
1.020437618201800069e+04
1.020438434207799946e+04
1.020439253558500059e+04
1.020440073751299860e+04
1.020440892158800125e+04
1.020441717144799986e+04
1.020442539973900057e+04
1.020443365425299999e+04
1.020444190323200019e+04
1.020445011187300042e+04
1.020445831091500077e+04
1.020446650290500111e+04
1.020447469061100128e+04
1.020448286740299955e+04
1.020449107323600037e+04
1.020449929842100028e+04
1.020450754886600043e+04
1.020451575604399841e+04
1.020452401221100081e+04
1.020453217834499810e+04
1.020454037621599855e+04
1.020454857448999974e+04
1.020455676981999932e+04
1.020456496643900027e+04
1.020457316498599903e+04
1.020458133585800169e+04
1.020458951859800072e+04
1.020459771328699935e+04
1.020460593890900054e+04
1.020461411854399921e+04
1.020462233793600171e+04
1.020463052250300098e+04
1.020463869437700123e+04
1.020464688889199897e+04
1.020465508515100009e+04
1.020466328444199826e+04

1.024182465856799899e+04
1.024183285818399963e+04
1.024184105981099856e+04
1.024184924759299975e+04
1.024185742755899992e+04
1.024186556156000006e+04
1.024187367582500156e+04
1.024188185436099957e+04
1.024189005005899890e+04
1.024189819126799921e+04
1.024190637216100004e+04
1.024191451999100173e+04
1.024192270572800044e+04
1.024193089416699877e+04
1.024193908815599934e+04
1.024194727690500076e+04
1.024195547100900149e+04
1.024196366826699887e+04
1.024197185964399978e+04
1.024198005298600037e+04
1.024198824252399936e+04
1.024199643734699930e+04
1.024200463771000068e+04
1.024201277927299816e+04
1.024202091756400114e+04
1.024202903393900124e+04
1.024203720556899862e+04
1.024204540454200105e+04
1.024205359654399945e+04
1.024206178668400025e+04
1.024206998346500040e+04
1.024207817073299884e+04
1.024208635898699868e+04
1.024209454776599887e+04
1.024210274466999908e+04
1.024211093890499978e+04
1.024211916236199977e+04
1.024212732732299992e+04
1.024213551595099852e+04
1.024214371511300124e+04
1.024215190820700082e+04
1.024216012117699938e+04
1.024216833224700167e+04
1.024217652829399958e+04
1.024218472735600153e+04
1.024219292883500020e+04
1.024220112231000167e+04
1.024220931264200044e+04
1.024221745916000145e+04
1.024222564948999934e+04
1.024223383898799875e+04
1.024224202971799969e+04
1.024225023415100077e+04
1.024225843401000020e+04
1.024226662822499929e+04
1.024227482103199873e+04
1.024228302220800106e+04
1.024229121834000034e+04
1.024229941131300075e+04
1.024230760250599997e+04
1.024231579301899910e+04
1.024232611541300139e+04
1.024233427079299872e+04
1.024234246005399837e+04
1.024235060216299826e+04
1.024235873693399844e+04
1.024236690763799925e+04
1.024237510288799967e+04
1.024238327873099843e+04
1.024239148033500169e+04
1.024239963658199849e+04
1.024240785425300055e+04
1.024241611142900001e+04
1.024242433177400017e+04
1.024243250554200131e+04
1.024244066784700044e+04
1.024244886003699867e+04
1.024245707298699926e+04
1.024246531530499851e+04
1.024247353689900046e+04
1.024248167791100059e+04
1.024248979578400031e+04
1.024249796183099897e+04
1.024250615513400044e+04
1.024251432138000018e+04
1.024252254911199998e+04
1.024253077460100030e+04
1.024253901173800114e+04
1.024254717699899993e+04
1.024255540384599954e+04
1.024256366939399959e+04
1.024257183858200005e+04
1.024257999276899864e+04
1.024258816073300113e+04
1.024259638329399968e+04
1.024260464709599910e+04
1.024261296643799869e+04
1.024262113997100096e+04
1.024262930475800022e+04
1.024263750649299982e+04
1.024264565915799903e+04
1.024265382614199916e+04
1.024266201046700007e+04
1.024267022168599942e+04
1.024267842725299852e+04
1.024268668420399990e+04
1.024269485622199863e+04
1.024270316713200009e+04
1.024271147723299873e+04
1.024271990110299885e+04
1.024272822346300018e+04
1.024273638117600058e+04
1.024274452731199926e+04
1.024275274441700094e+04
1.024276095316799911e+04
1.024276914819499871e+04
1.024277729923700099e+04
1.024278551470000093e+04
1.024279372621299990e+04
1.024280192471400005e+04
1.024281008003099851e+04
1.024281824530000085e+04
1.024282643641200048e+04
1.024283459639599823e+04
1.024284275357300066e+04

1.028001367544100140e+04
1.028002186980199986e+04
1.028003005767799914e+04
1.028003819655500047e+04
1.028004631434199837e+04
1.028005448051499843e+04
1.028006267781800125e+04
1.028007087320999926e+04
1.028007906858299975e+04
1.028008726242199918e+04
1.028009543575900170e+04
1.028010362493099819e+04
1.028011181331500120e+04
1.028012001003900150e+04
1.028012820558100066e+04
1.028013635053699909e+04
1.028014453677100028e+04
1.028015267567100091e+04
1.028016087980199882e+04
1.028016907599100159e+04
1.028017726969800060e+04
1.028018546225799946e+04
1.028019365359600124e+04
1.028020184040100139e+04
1.028020999670300080e+04
1.028021820503499839e+04
1.028022636037700067e+04
1.028023455983299937e+04
1.028024275161599871e+04
1.028025094577300115e+04
1.028025917008399847e+04
1.028026731393699811e+04
1.028027548879000096e+04
1.028028368150599999e+04
1.028029188242799864e+04
1.028030009904599865e+04
1.028030832354499944e+04
1.028031648216699978e+04
1.028032467572200039e+04
1.028033287755900164e+04
1.028034100948999912e+04
1.028034911487999852e+04
1.028035723641000004e+04
1.028036535686500065e+04
1.028037346621200049e+04
1.028038157006999973e+04
1.028038965176499914e+04
1.028039777090999996e+04
1.028040587690200118e+04
1.028041402168000059e+04
1.028042218846700052e+04
1.028043037337300120e+04
1.028043857729600131e+04
1.028044677391000005e+04
1.028045500405599887e+04
1.028046320289000141e+04
1.028047140567200040e+04
1.028047953394299839e+04
1.028048772377199930e+04
1.028049590551599977e+04
1.028050409714299894e+04
1.028051225892399816e+04
1.028052041359600116e+04
1.028052855578700110e+04
1.028053669466599968e+04
1.028054487550400154e+04
1.028055307007100055e+04
1.028056126299199968e+04
1.028056945540399829e+04
1.028057764743900043e+04
1.028058584054799940e+04
1.028059403596699849e+04
1.028060223028399923e+04
1.028061042677599835e+04
1.028061858868600029e+04
1.028062679688199933e+04
1.028063495196000076e+04
1.028064314434499829e+04
1.028065133107500151e+04
1.028065950746100134e+04
1.028066769218899935e+04
1.028067586896400098e+04
1.028068404615699910e+04
1.028069223858500118e+04
1.028070043500400061e+04
1.028070863364600154e+04
1.028071678672900089e+04
1.028072497822800142e+04
1.028073312027900101e+04
1.028074126532200171e+04
1.028074940058100037e+04
1.028075758947999930e+04
1.028076579037099873e+04
1.028077399238100043e+04
1.028078218812699924e+04
1.028079033854500085e+04
1.028079851170400070e+04
1.028080670256300073e+04
1.028081488219099992e+04
1.028082304047000071e+04
1.028083113601600053e+04
1.028083926294599951e+04
1.028084736861700003e+04
1.028085547085199869e+04
1.028086358026300150e+04
1.028087168773099984e+04
1.028087979814099890e+04
1.028088788080299855e+04
1.028089602526700037e+04
1.028090417504400102e+04
1.028091235060100007e+04
1.028092053972099893e+04
1.028092869107599836e+04
1.028093689118800103e+04
1.028094504051300100e+04
1.028095317687100032e+04
1.028096131738799886e+04
1.028096946209599992e+04
1.028097766852999848e+04
1.028098586517299918e+04
1.028099400599699948e+04
1.028100214724000034e+04
1.028101034324300053e+04
1.028101851853100015e+04
1.028102668980000090e+04

